      0.0000       1.0000   0.0000    0.0000
     50.0000       0.9548   0.0003    0.0449
    100.0000       0.8307   0.0015    0.1679
    150.0000       0.6591   0.0040    0.3369
    200.0000       0.4833   0.0089    0.5078
    250.0000       0.3435   0.0177    0.6388
    300.0000       0.2633   0.0309    0.7057
    350.0000       0.2421   0.0478    0.7102
    400.0000       0.2594   0.0651    0.6756
    450.0000       0.2871   0.0793    0.6335
    500.0000       0.3030   0.0889    0.6081
    550.0000       0.2974   0.0954    0.6072
    600.0000       0.2736   0.1025    0.6239
    650.0000       0.2415   0.1138    0.6447
    700.0000       0.2100   0.1310    0.6590
    750.0000       0.1837   0.1535    0.6628
    800.0000       0.1631   0.1787    0.6581
    850.0000       0.1474   0.2031    0.6495
    900.0000       0.1354   0.2242    0.6404
    950.0000       0.1259   0.2413    0.6328
   1000.0000       0.1176   0.2552    0.6272
   1050.0000       0.1098   0.2670    0.6232
   1100.0000       0.1023   0.2775    0.6202
   1150.0000       0.0952   0.2869    0.6179
   1200.0000       0.0888   0.2953    0.6160
   1250.0000       0.0830   0.3026    0.6144
   1300.0000       0.0779   0.3089    0.6132
   1350.0000       0.0733   0.3145    0.6122
   1400.0000       0.0692   0.3192    0.6115
   1450.0000       0.0656   0.3234    0.6111
   1500.0000       0.0623   0.3269    0.6108
   1550.0000       0.0595   0.3299    0.6106
   1600.0000       0.0573   0.3324    0.6104
   1650.0000       0.0555   0.3343    0.6102
   1700.0000       0.0544   0.3357    0.6100
   1750.0000       0.0536   0.3367    0.6097
   1800.0000       0.0533   0.3374    0.6093
   1850.0000       0.0532   0.3379    0.6089
   1900.0000       0.0533   0.3382    0.6084
   1950.0000       0.0535   0.3385    0.6080
   2000.0000       0.0537   0.3388    0.6074
   2050.0000       0.0540   0.3391    0.6069
   2100.0000       0.0543   0.3394    0.6063
   2150.0000       0.0546   0.3397    0.6057
   2200.0000       0.0548   0.3402    0.6050
   2250.0000       0.0549   0.3409    0.6042
   2300.0000       0.0548   0.3417    0.6035
   2350.0000       0.0546   0.3426    0.6028
   2400.0000       0.0543   0.3435    0.6022
   2450.0000       0.0539   0.3443    0.6018
   2500.0000       0.0536   0.3449    0.6015
   2550.0000       0.0533   0.3454    0.6013
   2600.0000       0.0529   0.3459    0.6012
   2650.0000       0.0526   0.3463    0.6011
   2700.0000       0.0522   0.3467    0.6011
   2750.0000       0.0519   0.3470    0.6010
   2800.0000       0.0518   0.3472    0.6010
   2850.0000       0.0517   0.3473    0.6010
   2900.0000       0.0516   0.3474    0.6010
   2950.0000       0.0516   0.3474    0.6010
   3000.0000       0.0516   0.3474    0.6010
   3050.0000       0.0515   0.3474    0.6010
   3100.0000       0.0515   0.3474    0.6010
   3150.0000       0.0515   0.3474    0.6010
   3200.0000       0.0516   0.3474    0.6010
   3250.0000       0.0516   0.3474    0.6010
   3300.0000       0.0516   0.3474    0.6010
   3350.0000       0.0516   0.3474    0.6010
   3400.0000       0.0516   0.3474    0.6010
   3450.0000       0.0516   0.3474    0.6010
   3500.0000       0.0515   0.3474    0.6010