      0.0000       1.0000     0.0000    0.0000
     50.0000       1.0000     0.0000    0.0000
    100.0000       0.9999     0.0001    0.0000
    150.0000       0.9997     0.0003    0.0000
    200.0000       0.9994     0.0006    0.0000
    250.0000       0.9987     0.0013    0.0000
    300.0000       0.9973     0.0027    0.0000
    350.0000       0.9945     0.0055    0.0000
    400.0000       0.9893     0.0107    0.0000
    450.0000       0.9806     0.0194    0.0000
    500.0000       0.9670     0.0330    0.0000
    550.0000       0.9474     0.0526    0.0000
    600.0000       0.9214     0.0786    0.0000
    650.0000       0.8895     0.1105    0.0000
    700.0000       0.8528     0.1472    0.0000
    750.0000       0.8133     0.1867    0.0000
    800.0000       0.7733     0.2267    0.0000
    850.0000       0.7351     0.2649    0.0000
    900.0000       0.7008     0.2992    0.0000
    950.0000       0.6717     0.3283    0.0000
   1000.0000       0.6487     0.3513    0.0000
   1050.0000       0.6317     0.3683    0.0000
   1100.0000       0.6202     0.3798    0.0000
   1150.0000       0.6130     0.3870    0.0000
   1200.0000       0.6090     0.3910    0.0001
   1250.0000       0.6069     0.3929    0.0002
   1300.0000       0.6060     0.3937    0.0004
   1350.0000       0.6056     0.3936    0.0007
   1400.0000       0.6055     0.3931    0.0014
   1450.0000       0.6055     0.3920    0.0025
   1500.0000       0.6055     0.3902    0.0044
   1550.0000       0.6055     0.3873    0.0072
   1600.0000       0.6055     0.3832    0.0113
   1650.0000       0.6055     0.3774    0.0171
   1700.0000       0.6055     0.3697    0.0249
   1750.0000       0.6055     0.3598    0.0347
   1800.0000       0.6055     0.3478    0.0468
   1850.0000       0.6055     0.3339    0.0606
   1900.0000       0.6055     0.3188    0.0758
   1950.0000       0.6055     0.3032    0.0913
   2000.0000       0.6055     0.2882    0.1063
   2050.0000       0.6055     0.2745    0.1200
   2100.0000       0.6055     0.2628    0.1317
   2150.0000       0.6055     0.2534    0.1411
   2200.0000       0.6055     0.2460    0.1485
   2250.0000       0.6055     0.2405    0.1540
   2300.0000       0.6055     0.2366    0.1579
   2350.0000       0.6055     0.2338    0.1607
   2400.0000       0.6055     0.2319    0.1626
   2450.0000       0.6055     0.2306    0.1639
   2500.0000       0.6055     0.2297    0.1648
   2550.0000       0.6055     0.2291    0.1654
   2600.0000       0.6055     0.2287    0.1658
   2650.0000       0.6055     0.2284    0.1661
   2700.0000       0.6055     0.2282    0.1663
   2750.0000       0.6055     0.2281    0.1664
   2800.0000       0.6055     0.2280    0.1665
   2850.0000       0.6055     0.2279    0.1666
   2900.0000       0.6055     0.2278    0.1666
   2950.0000       0.6055     0.2278    0.1667
   3000.0000       0.6055     0.2278    0.1667
   3050.0000       0.6055     0.2277    0.1667
   3100.0000       0.6055     0.2277    0.1667
   3150.0000       0.6055     0.2277    0.1667
   3200.0000       0.6055     0.2277    0.1668
   3250.0000       0.6055     0.2277    0.1668
   3300.0000       0.6055     0.2277    0.1668
   3350.0000       0.6055     0.2277    0.1668
   3400.0000       0.6055     0.2277    0.1668
   3450.0000       0.6055     0.2277    0.1668
   3500.0000       0.6055     0.2277    0.1668