      0.0000       1.0000     0.0000   0.0000
     50.0000       1.0000     0.0000   0.0000
    100.0000       1.0000     0.0000   0.0000
    150.0000       1.0000     0.0000   0.0000
    200.0000       1.0000     0.0000   0.0000
    250.0000       1.0000     0.0000   0.0000
    300.0000       1.0000     0.0000   0.0000
    350.0000       1.0000     0.0000   0.0000
    400.0000       1.0000     0.0000   0.0000
    450.0000       1.0000     0.0000   0.0000
    500.0000       1.0000     0.0000   0.0000
    550.0000       1.0000     0.0000   0.0000
    600.0000       1.0000     0.0000   0.0000
    650.0000       1.0000     0.0000   0.0000
    700.0000       1.0000     0.0000   0.0000
    750.0000       0.9999     0.0001   0.0000
    800.0000       0.9995     0.0005   0.0000
    850.0000       0.9985     0.0015   0.0000
    900.0000       0.9960     0.0040   0.0000
    950.0000       0.9907     0.0093   0.0000
   1000.0000       0.9809     0.0191   0.0000
   1050.0000       0.9644     0.0356   0.0000
   1100.0000       0.9393     0.0607   0.0000
   1150.0000       0.9039     0.0961   0.0000
   1200.0000       0.8577     0.1423   0.0000
   1250.0000       0.8016     0.1984   0.0000
   1300.0000       0.7377     0.2623   0.0000
   1350.0000       0.6695     0.3305   0.0000
   1400.0000       0.6012     0.3988   0.0000
   1450.0000       0.5373     0.4627   0.0000
   1500.0000       0.4816     0.5184   0.0000
   1550.0000       0.4368     0.5632   0.0001
   1600.0000       0.4037     0.5961   0.0002
   1650.0000       0.3817     0.6179   0.0004
   1700.0000       0.3686     0.6306   0.0008
   1750.0000       0.3614     0.6370   0.0015
   1800.0000       0.3575     0.6397   0.0028
   1850.0000       0.3545     0.6407   0.0048
   1900.0000       0.3511     0.6409   0.0079
   1950.0000       0.3464     0.6410   0.0126
   2000.0000       0.3398     0.6410   0.0193
   2050.0000       0.3307     0.6410   0.0283
   2100.0000       0.3189     0.6410   0.0402
   2150.0000       0.3039     0.6410   0.0551
   2200.0000       0.2857     0.6410   0.0733
   2250.0000       0.2644     0.6410   0.0946
   2300.0000       0.2407     0.6410   0.1183
   2350.0000       0.2155     0.6410   0.1435
   2400.0000       0.1902     0.6410   0.1688
   2450.0000       0.1668     0.6410   0.1922
   2500.0000       0.1470     0.6410   0.2120
   2550.0000       0.1319     0.6410   0.2271
   2600.0000       0.1217     0.6410   0.2373
   2650.0000       0.1154     0.6410   0.2436
   2700.0000       0.1120     0.6410   0.2470
   2750.0000       0.1104     0.6410   0.2487
   2800.0000       0.1096     0.6410   0.2494
   2850.0000       0.1093     0.6410   0.2498
   2900.0000       0.1091     0.6410   0.2499
   2950.0000       0.1091     0.6410   0.2499
   3000.0000       0.1090     0.6410   0.2500
   3050.0000       0.1090     0.6410   0.2500
   3100.0000       0.1090     0.6410   0.2500
   3150.0000       0.1090     0.6410   0.2500
   3200.0000       0.1090     0.6410   0.2500
   3250.0000       0.1090     0.6410   0.2500
   3300.0000       0.1090     0.6410   0.2500
   3350.0000       0.1090     0.6410   0.2500
   3400.0000       0.1090     0.6410   0.2500
   3450.0000       0.1090     0.6410   0.2500
   3500.0000       0.1090     0.6410   0.2500
